author_id	database	data mining	machine learning	information retrieval
a1	0	0	1	0
a5	0	0	1	0
a8	0	0	1	0
a9	0	0	1	0
a10	0	0	1	0
a15	1	0	0	0
a17	1	0	0	0
a22	0	0	1	0
a26	0	0	1	0
a31	0	0	0	1
a33	0	0	1	0
a36	0	0	1	0
a40	0	0	1	0
a43	0	0	1	0
a44	0	0	1	0
a58	0	0	1	0
a60	0	0	1	0
a61	0	0	1	0
a73	0	1	0	0
a76	0	1	0	0
a79	0	1	0	0
a82	0	0	1	0
a84	0	0	1	0
a87	0	0	1	0
a91	0	0	1	0
a97	0	0	1	0
a103	0	0	1	0
a109	0	0	1	0
a111	0	0	1	0
a116	0	0	1	0
a117	0	0	1	0
a120	0	1	0	0
a121	0	0	1	0
a123	0	0	1	0
a124	0	0	1	0
a127	0	0	1	0
a130	0	0	1	0
a133	0	0	1	0
a146	0	0	1	0
a148	0	0	1	0
a149	0	0	1	0
a153	0	0	1	0
a154	0	0	1	0
a158	0	0	1	0
a161	0	0	1	0
a165	0	0	1	0
a167	0	0	1	0
a170	0	0	1	0
a176	0	0	1	0
a177	0	0	1	0
a181	0	0	1	0
a183	0	0	1	0
a186	0	0	1	0
a189	0	0	1	0
a191	0	0	1	0
a192	0	0	1	0
a194	0	0	1	0
a198	0	0	1	0
a200	0	0	1	0
a209	0	0	1	0
a212	0	0	1	0
a223	0	0	1	0
a227	0	0	1	0
a230	0	1	0	0
a232	0	0	1	0
a235	0	0	0	1
a237	0	0	1	0
a239	0	0	1	0
a246	0	0	1	0
a249	0	0	1	0
a252	0	0	1	0
a253	0	0	1	0
a258	0	0	1	0
a263	0	0	0	1
a270	0	0	1	0
a275	0	0	1	0
a278	0	0	1	0
a280	0	0	1	0
a285	0	0	1	0
a289	0	0	1	0
a291	0	0	1	0
a298	0	0	1	0
a300	0	0	1	0
a303	0	0	1	0
a307	0	0	1	0
a313	0	0	1	0
a318	0	0	1	0
a319	0	0	1	0
a322	0	0	1	0
a323	0	0	1	0
a325	0	0	1	0
a326	0	0	1	0
a330	0	0	0	1
a334	0	0	1	0
a336	0	1	0	0
a340	0	0	1	0
a342	0	0	1	0
a343	0	0	1	0
a347	0	1	0	0
a354	0	0	1	0
a357	0	0	1	0
a359	0	0	1	0
a360	0	0	1	0
a362	0	0	0	1
a363	0	0	0	1
a366	0	0	1	0
a368	0	0	1	0
a373	0	0	1	0
a374	0	0	1	0
a377	0	0	1	0
a383	0	1	0	0
a387	0	0	1	0
a388	0	0	1	0
a390	0	0	1	0
a396	0	0	1	0
a397	0	0	1	0
a399	0	0	1	0
a402	0	0	1	0
a404	0	0	1	0
a416	1	0	0	0
a419	0	0	1	0
a424	0	0	1	0
a427	0	0	1	0
a431	0	0	1	0
a433	0	0	1	0
a436	0	0	1	0
a439	0	0	1	0
a445	0	0	1	0
a448	0	0	0	1
a452	1	0	0	0
a456	0	0	1	0
a458	0	0	1	0
a463	0	0	1	0
a468	0	0	1	0
a471	0	0	1	0
a474	0	0	0	1
a479	0	0	0	1
a486	0	0	0	1
a490	0	0	1	0
a492	0	0	1	0
a498	0	0	0	1
a500	0	0	1	0
a505	0	0	1	0
a510	0	0	1	0
a517	0	0	1	0
a524	0	0	0	1
a530	0	0	1	0
a535	0	0	1	0
a538	0	0	1	0
a541	0	0	1	0
a544	0	0	1	0
a545	0	0	1	0
a550	0	0	1	0
a554	0	0	1	0
a556	0	0	0	1
a559	0	0	1	0
a562	0	0	1	0
a563	0	0	1	0
a564	0	0	1	0
a569	0	0	1	0
a572	0	0	1	0
a576	0	0	1	0
a580	0	0	1	0
a586	0	0	1	0
a598	0	0	1	0
a608	0	0	1	0
a617	0	0	1	0
a618	0	0	1	0
a621	0	0	1	0
a629	0	0	0	1
a631	0	0	1	0
a637	0	0	1	0
a640	0	0	0	1
a643	0	0	1	0
a646	0	0	1	0
a649	0	0	1	0
a657	0	0	1	0
a660	0	0	1	0
a662	0	0	1	0
a665	0	0	1	0
a670	0	0	1	0
a674	0	0	1	0
a677	0	0	1	0
a678	0	0	1	0
a685	0	0	1	0
a699	0	0	1	0
a713	0	0	1	0
a717	0	0	1	0
a720	0	0	1	0
a722	0	0	1	0
a725	0	0	1	0
a726	0	0	1	0
a731	0	0	1	0
a734	0	1	0	0
a742	0	0	1	0
a743	0	0	1	0
a746	0	0	1	0
a753	0	0	1	0
a755	0	1	0	0
a758	0	0	0	1
a760	0	0	1	0
a775	0	0	1	0
a777	0	0	1	0
a784	0	0	1	0
a792	0	0	1	0
a800	0	0	0	1
a806	0	0	1	0
a811	0	0	1	0
a813	0	0	1	0
a816	0	0	1	0
a820	0	0	0	1
a825	0	0	1	0
a831	0	0	1	0
a834	0	0	1	0
a836	0	0	1	0
a838	0	0	1	0
a842	0	0	1	0
a845	0	0	1	0
a855	0	0	1	0
a860	0	0	1	0
a868	0	0	1	0
a880	0	1	0	0
a882	1	0	0	0
a889	1	0	0	0
a890	1	0	0	0
a893	0	1	0	0
a896	0	0	0	1
a899	0	0	0	1
a901	0	0	0	1
a903	0	0	0	1
a907	1	0	0	0
a912	1	0	0	0
a915	0	0	0	1
a918	0	1	0	0
a922	1	0	0	0
a925	0	0	1	0
a931	0	0	0	1
a935	1	0	0	0
a938	0	0	0	1
a943	0	0	0	1
a948	0	0	0	1
a952	0	1	0	0
a954	0	0	0	1
a960	0	1	0	0
a963	1	0	0	0
a971	0	0	0	1
a972	1	0	0	0
a974	1	0	0	0
a976	1	0	0	0
a979	0	0	0	1
a985	0	0	0	1
a988	0	0	0	1
a989	0	0	0	1
a990	0	0	0	1
a997	0	0	0	1
a1001	0	1	0	0
a1004	0	0	0	1
a1006	0	0	0	1
a1010	0	0	0	1
a1012	0	0	0	1
a1013	0	0	0	1
a1017	0	0	0	1
a1021	0	0	0	1
a1023	0	0	0	1
a1028	0	1	0	0
a1031	0	0	0	1
a1034	0	0	0	1
a1042	1	0	0	0
a1043	1	0	0	0
a1046	0	1	0	0
a1051	0	1	0	0
a1054	1	0	0	0
a1058	1	0	0	0
a1059	0	0	0	1
a1062	0	0	0	1
a1064	1	0	0	0
a1067	1	0	0	0
a1072	0	1	0	0
a1074	1	0	0	0
a1082	0	0	0	1
a1083	0	0	0	1
a1084	0	0	0	1
a1086	1	0	0	0
a1091	0	0	0	1
a1095	0	1	0	0
a1098	0	0	0	1
a1103	1	0	0	0
a1105	0	0	0	1
a1110	0	0	0	1
a1113	0	0	0	1
a1120	1	0	0	0
a1123	0	0	1	0
a1136	1	0	0	0
a1139	0	1	0	0
a1140	0	1	0	0
a1144	0	1	0	0
a1146	1	0	0	0
a1147	1	0	0	0
a1148	1	0	0	0
a1151	1	0	0	0
a1152	0	0	0	1
a1156	0	0	0	1
a1158	0	0	0	1
a1163	1	0	0	0
a1168	0	0	0	1
a1170	0	0	0	1
a1171	0	0	0	1
a1177	1	0	0	0
a1182	0	1	0	0
a1184	0	0	0	1
a1186	0	0	0	1
a1189	0	0	0	1
a1197	0	0	0	1
a1206	1	0	0	0
a1212	0	0	0	1
a1214	0	0	0	1
a1219	1	0	0	0
a1223	1	0	0	0
a1230	0	1	0	0
a1231	0	1	0	0
a1233	0	0	0	1
a1238	0	0	0	1
a1239	0	0	0	1
a1244	1	0	0	0
a1247	0	0	0	1
a1248	1	0	0	0
a1251	1	0	0	0
a1252	1	0	0	0
a1256	0	0	0	1
a1258	1	0	0	0
a1262	0	0	0	1
a1263	0	0	0	1
a1268	1	0	0	0
a1270	1	0	0	0
a1273	1	0	0	0
a1277	0	1	0	0
a1278	1	0	0	0
a1281	1	0	0	0
a1286	0	1	0	0
a1288	0	1	0	0
a1290	1	0	0	0
a1297	1	0	0	0
a1302	0	1	0	0
a1304	0	0	0	1
a1307	1	0	0	0
a1310	1	0	0	0
a1316	0	0	0	1
a1319	0	1	0	0
a1321	1	0	0	0
a1324	0	0	0	1
a1325	0	0	0	1
a1327	0	0	0	1
a1330	0	1	0	0
a1331	1	0	0	0
a1337	0	0	0	1
a1347	0	1	0	0
a1349	1	0	0	0
a1353	0	0	0	1
a1354	0	0	0	1
a1357	1	0	0	0
a1362	0	1	0	0
a1366	0	0	0	1
a1367	0	0	0	1
a1370	0	1	0	0
a1373	0	1	0	0
a1375	1	0	0	0
a1380	0	1	0	0
a1383	1	0	0	0
a1384	1	0	0	0
a1388	0	0	0	1
a1392	0	0	0	1
a1395	0	1	0	0
a1399	1	0	0	0
a1402	0	1	0	0
a1404	0	0	0	1
a1408	1	0	0	0
a1410	0	0	1	0
a1416	0	1	0	0
a1417	1	0	0	0
a1421	0	0	0	1
a1424	0	1	0	0
a1426	0	0	0	1
a1429	1	0	0	0
a1435	1	0	0	0
a1438	0	0	0	1
a1447	0	0	0	1
a1451	0	0	0	1
a1455	0	0	0	1
a1458	0	1	0	0
a1461	0	0	0	1
a1467	0	0	0	1
a1469	0	0	0	1
a1475	1	0	0	0
a1476	0	1	0	0
a1481	0	1	0	0
a1485	0	1	0	0
a1488	0	1	0	0
a1490	1	0	0	0
a1492	0	0	0	1
a1493	0	1	0	0
a1496	0	0	0	1
a1497	0	0	0	1
a1504	1	0	0	0
a1508	1	0	0	0
a1510	0	0	0	1
a1512	1	0	0	0
a1520	1	0	0	0
a1524	1	0	0	0
a1525	1	0	0	0
a1528	1	0	0	0
a1531	0	0	0	1
a1540	0	1	0	0
a1543	0	0	1	0
a1546	0	1	0	0
a1551	0	0	0	1
a1552	0	0	0	1
a1557	0	1	0	0
a1562	1	0	0	0
a1564	0	0	0	1
a1570	0	0	0	1
a1575	1	0	0	0
a1582	0	0	0	1
a1584	1	0	0	0
a1591	0	1	0	0
a1593	1	0	0	0
a1594	1	0	0	0
a1601	0	1	0	0
a1608	0	0	1	0
a1612	0	0	0	1
a1617	0	0	0	1
a1621	0	1	0	0
a1623	0	1	0	0
a1626	1	0	0	0
a1630	0	0	0	1
a1636	0	1	0	0
a1642	1	0	0	0
a1653	0	0	0	1
a1657	0	0	0	1
a1664	0	0	0	1
a1668	1	0	0	0
a1671	1	0	0	0
a1676	1	0	0	0
a1679	1	0	0	0
a1682	0	0	0	1
a1683	0	0	0	1
a1686	0	0	0	1
a1687	0	0	0	1
a1690	0	0	0	1
a1693	0	0	0	1
a1698	0	0	0	1
a1701	0	0	0	1
a1704	0	0	0	1
a1708	0	0	0	1
a1713	0	1	0	0
a1716	0	1	0	0
a1724	0	0	0	1
a1730	1	0	0	0
a1739	0	0	0	1
a1742	0	0	0	1
a1745	1	0	0	0
a1752	0	0	0	1
a1757	1	0	0	0
a1763	1	0	0	0
a1769	0	0	0	1
a1771	0	1	0	0
a1776	1	0	0	0
a1780	0	0	0	1
a1783	0	1	0	0
a1786	0	0	0	1
a1793	1	0	0	0
a1797	0	0	0	1
a1802	0	0	0	1
a1808	0	1	0	0
a1809	0	0	0	1
a1812	1	0	0	0
a1816	0	1	0	0
a1817	0	1	0	0
a1820	1	0	0	0
a1821	1	0	0	0
a1826	0	0	0	1
a1828	0	0	0	1
a1831	0	0	0	1
a1835	0	0	0	1
a1838	1	0	0	0
a1841	0	1	0	0
a1845	0	0	0	1
a1847	0	1	0	0
a1848	1	0	0	0
a1851	0	0	1	0
a1855	0	0	0	1
a1857	0	0	0	1
a1858	0	1	0	0
a1859	0	1	0	0
a1866	0	1	0	0
a1867	0	1	0	0
a1870	1	0	0	0
a1871	1	0	0	0
a1877	0	0	0	1
a1879	0	1	0	0
a1882	0	0	0	1
a1884	1	0	0	0
a1888	0	1	0	0
a1897	0	0	0	1
a1899	0	1	0	0
a1906	1	0	0	0
a1910	1	0	0	0
a1911	0	0	0	1
a1913	1	0	0	0
a1918	0	0	0	1
a1919	0	0	0	1
a1923	0	0	0	1
a1929	0	0	0	1
a1931	0	1	0	0
a1943	0	1	0	0
a1948	0	0	0	1
a1950	0	0	0	1
a1952	1	0	0	0
a1953	1	0	0	0
a1956	1	0	0	0
a1959	1	0	0	0
a1961	1	0	0	0
a1962	1	0	0	0
a1968	0	0	0	1
a1969	0	0	0	1
a1972	0	0	0	1
a1973	1	0	0	0
a1975	0	1	0	0
a1976	0	0	0	1
a1977	1	0	0	0
a1983	0	0	0	1
a1987	0	0	0	1
a1988	0	1	0	0
a1992	0	0	0	1
a1996	0	1	0	0
a2004	0	0	0	1
a2008	0	0	0	1
a2013	0	0	0	1
a2017	0	0	0	1
a2020	0	0	0	1
a2021	0	0	0	1
a2027	0	0	0	1
a2037	0	0	0	1
a2047	0	0	0	1
a2049	0	0	0	1
a2051	0	0	0	1
a2056	0	1	0	0
a2059	0	0	0	1
a2064	0	0	0	1
a2072	0	0	0	1
a2076	0	0	0	1
a2078	0	0	0	1
a2079	0	0	0	1
a2083	0	0	0	1
a2086	0	0	0	1
a2089	0	0	0	1
a2095	0	0	0	1
a2097	0	0	0	1
a2107	0	0	0	1
a2111	0	0	0	1
a2113	1	0	0	0
a2135	0	0	0	1
a2137	0	0	0	1
a2145	0	0	0	1
a2147	0	0	0	1
a2149	0	0	0	1
a2163	0	1	0	0
a2168	0	0	1	0
a2174	0	0	1	0
a2176	0	0	1	0
a2178	0	0	1	0
a2183	0	0	0	1
a2186	0	1	0	0
a2191	0	0	1	0
a2200	0	0	1	0
a2203	0	0	1	0
a2207	0	1	0	0
a2212	0	1	0	0
a2217	0	1	0	0
a2222	0	0	1	0
a2226	0	0	1	0
a2231	0	0	1	0
a2234	0	0	0	1
a2239	0	0	1	0
a2248	0	1	0	0
a2251	0	1	0	0
a2255	0	0	1	0
a2262	0	0	1	0
a2267	0	0	1	0
a2270	0	1	0	0
a2272	0	1	0	0
a2277	1	0	0	0
a2280	0	0	1	0
a2285	0	1	0	0
a2289	0	0	1	0
a2292	0	0	1	0
a2293	0	0	1	0
a2296	0	0	1	0
a2298	0	0	1	0
a2302	0	0	1	0
a2322	0	0	1	0
a2335	0	1	0	0
a2342	0	0	0	1
a2350	0	0	1	0
a2356	0	1	0	0
a2358	0	1	0	0
a2361	1	0	0	0
a2362	1	0	0	0
a2364	1	0	0	0
a2368	1	0	0	0
a2372	1	0	0	0
a2376	1	0	0	0
a2378	1	0	0	0
a2379	1	0	0	0
a2381	1	0	0	0
a2386	0	1	0	0
a2396	1	0	0	0
a2399	1	0	0	0
a2408	1	0	0	0
a2409	1	0	0	0
a2418	0	0	0	1
a2423	0	0	1	0
a2425	1	0	0	0
a2426	0	0	0	1
a2434	1	0	0	0
a2439	1	0	0	0
a2447	0	1	0	0
a2457	1	0	0	0
a2462	1	0	0	0
a2465	1	0	0	0
a2470	1	0	0	0
a2471	0	1	0	0
a2474	0	1	0	0
a2478	1	0	0	0
a2479	1	0	0	0
a2481	1	0	0	0
a2482	1	0	0	0
a2484	1	0	0	0
a2490	1	0	0	0
a2495	1	0	0	0
a2498	1	0	0	0
a2502	1	0	0	0
a2505	1	0	0	0
a2508	0	0	0	1
a2512	1	0	0	0
a2515	1	0	0	0
a2518	1	0	0	0
a2526	1	0	0	0
a2527	1	0	0	0
a2529	1	0	0	0
a2532	1	0	0	0
a2536	1	0	0	0
a2542	1	0	0	0
a2544	1	0	0	0
a2545	1	0	0	0
a2550	1	0	0	0
a2552	1	0	0	0
a2553	1	0	0	0
a2555	1	0	0	0
a2562	1	0	0	0
a2565	1	0	0	0
a2573	1	0	0	0
a2578	1	0	0	0
a2582	1	0	0	0
a2586	1	0	0	0
a2588	1	0	0	0
a2590	1	0	0	0
a2597	1	0	0	0
a2606	1	0	0	0
a2612	1	0	0	0
a2629	1	0	0	0
a2633	1	0	0	0
a2639	1	0	0	0
a2646	0	1	0	0
a2671	1	0	0	0
a2682	1	0	0	0
a2690	1	0	0	0
a2691	1	0	0	0
a2697	1	0	0	0
a2702	1	0	0	0
a2707	1	0	0	0
a2714	1	0	0	0
a2718	1	0	0	0
a2727	1	0	0	0
a2730	0	1	0	0
a2733	1	0	0	0
a2739	1	0	0	0
a2749	1	0	0	0
a2761	1	0	0	0
a2766	1	0	0	0
a2767	1	0	0	0
a2772	0	1	0	0
a2776	1	0	0	0
a2778	1	0	0	0
a2780	1	0	0	0
a2782	1	0	0	0
a2789	1	0	0	0
a2794	1	0	0	0
a2800	0	1	0	0
a2802	0	0	0	1
a2805	1	0	0	0
a2806	1	0	0	0
a2808	1	0	0	0
a2816	1	0	0	0
a2825	1	0	0	0
a2828	1	0	0	0
a2831	1	0	0	0
a2832	1	0	0	0
a2837	1	0	0	0
a2841	0	0	0	1
a2843	0	1	0	0
a2844	0	1	0	0
a2846	0	0	0	1
a2849	1	0	0	0
a2850	1	0	0	0
a2855	1	0	0	0
a2856	1	0	0	0
a2860	1	0	0	0
a2864	0	1	0	0
a2866	1	0	0	0
a2868	1	0	0	0
a2870	0	1	0	0
a2871	0	1	0	0
a2875	1	0	0	0
a2876	1	0	0	0
a2881	1	0	0	0
a2885	1	0	0	0
a2886	1	0	0	0
a2897	1	0	0	0
a2899	1	0	0	0
a2902	1	0	0	0
a2913	1	0	0	0
a2916	1	0	0	0
a2921	1	0	0	0
a2924	1	0	0	0
a2934	1	0	0	0
a2937	1	0	0	0
a2939	0	1	0	0
a2943	0	0	1	0
a2945	1	0	0	0
a2948	1	0	0	0
a2959	1	0	0	0
a2967	1	0	0	0
a2968	1	0	0	0
a2977	0	1	0	0
a2987	1	0	0	0
a2993	0	1	0	0
a2995	1	0	0	0
a3015	1	0	0	0
a3018	1	0	0	0
a3023	1	0	0	0
a3029	1	0	0	0
a3035	1	0	0	0
a3037	1	0	0	0
a3038	1	0	0	0
a3042	1	0	0	0
a3043	1	0	0	0
a3048	0	1	0	0
a3049	0	1	0	0
a3053	0	1	0	0
a3057	1	0	0	0
a3068	1	0	0	0
a3073	0	0	0	1
a3074	0	0	0	1
a3080	1	0	0	0
a3083	1	0	0	0
a3086	1	0	0	0
a3087	1	0	0	0
a3093	1	0	0	0
a3098	0	1	0	0
a3099	0	1	0	0
a3112	1	0	0	0
a3114	1	0	0	0
a3121	0	1	0	0
a3129	1	0	0	0
a3131	1	0	0	0
a3133	1	0	0	0
a3134	1	0	0	0
a3139	1	0	0	0
a3141	1	0	0	0
a3143	1	0	0	0
a3152	1	0	0	0
a3154	0	1	0	0
a3157	1	0	0	0
a3169	1	0	0	0
a3173	0	1	0	0
a3179	1	0	0	0
a3185	1	0	0	0
a3189	0	1	0	0
a3193	1	0	0	0
a3199	0	1	0	0
a3202	0	1	0	0
a3216	0	1	0	0
a3219	0	1	0	0
a3224	1	0	0	0
a3231	0	1	0	0
a3237	1	0	0	0
a3243	1	0	0	0
a3246	1	0	0	0
a3260	1	0	0	0
a3262	1	0	0	0
a3271	1	0	0	0
a3273	1	0	0	0
a3278	0	1	0	0
a3279	1	0	0	0
a3284	0	1	0	0
a3287	1	0	0	0
a3293	0	0	0	1
a3296	1	0	0	0
a3302	1	0	0	0
a3312	1	0	0	0
a3316	0	1	0	0
a3323	1	0	0	0
a3326	0	1	0	0
a3331	1	0	0	0
a3338	0	1	0	0
a3346	0	1	0	0
a3348	1	0	0	0
a3351	1	0	0	0
a3359	1	0	0	0
a3360	1	0	0	0
a3371	1	0	0	0
a3377	0	1	0	0
a3380	1	0	0	0
a3383	1	0	0	0
a3397	1	0	0	0
a3399	1	0	0	0
a3400	1	0	0	0
a3402	1	0	0	0
a3404	1	0	0	0
a3410	1	0	0	0
a3412	1	0	0	0
a3415	0	0	0	1
a3419	1	0	0	0
a3424	0	1	0	0
a3444	0	1	0	0
a3445	1	0	0	0
a3458	0	1	0	0
a3476	1	0	0	0
a3482	0	1	0	0
a3486	0	1	0	0
a3490	1	0	0	0
a3494	0	1	0	0
a3496	1	0	0	0
a3498	1	0	0	0
a3501	1	0	0	0
a3506	1	0	0	0
a3512	1	0	0	0
a3518	0	1	0	0
a3521	1	0	0	0
a3526	1	0	0	0
a3533	0	1	0	0
a3535	0	1	0	0
a3542	0	1	0	0
a3545	0	1	0	0
a3547	0	1	0	0
a3548	0	1	0	0
a3549	0	1	0	0
a3555	0	1	0	0
a3559	0	1	0	0
a3562	0	1	0	0
a3564	0	0	0	1
a3569	0	1	0	0
a3573	0	1	0	0
a3574	0	1	0	0
a3576	0	0	1	0
a3581	0	1	0	0
a3583	1	0	0	0
a3588	0	1	0	0
a3589	0	1	0	0
a3594	0	1	0	0
a3598	0	1	0	0
a3600	0	1	0	0
a3606	0	1	0	0
a3609	0	1	0	0
a3614	0	1	0	0
a3618	0	1	0	0
a3627	0	1	0	0
a3630	0	1	0	0
a3633	0	1	0	0
a3634	0	1	0	0
a3637	0	0	1	0
a3640	0	1	0	0
a3641	0	1	0	0
a3645	0	1	0	0
a3649	0	1	0	0
a3652	0	1	0	0
a3655	0	1	0	0
a3657	0	1	0	0
a3662	0	1	0	0
a3671	0	0	0	1
a3673	0	1	0	0
a3677	0	0	0	1
a3683	0	1	0	0
a3686	0	1	0	0
a3690	0	1	0	0
a3693	0	0	1	0
a3698	0	1	0	0
a3702	0	0	1	0
a3708	0	1	0	0
a3715	0	1	0	0
a3718	0	1	0	0
a3725	0	1	0	0
a3730	0	1	0	0
a3734	0	1	0	0
a3739	0	1	0	0
a3740	0	1	0	0
a3742	0	1	0	0
a3744	0	1	0	0
a3746	0	1	0	0
a3752	0	1	0	0
a3760	0	1	0	0
a3763	0	0	0	1
a3767	0	1	0	0
a3771	0	1	0	0
a3774	0	1	0	0
a3778	1	0	0	0
a3782	0	1	0	0
a3784	0	1	0	0
a3785	0	1	0	0
a3788	0	1	0	0
a3791	0	1	0	0
a3792	0	1	0	0
a3796	0	1	0	0
a3798	0	1	0	0
a3800	0	1	0	0
a3804	0	1	0	0
a3808	0	1	0	0
a3809	0	1	0	0
a3811	0	1	0	0
a3812	0	1	0	0
a3815	0	1	0	0
a3819	0	1	0	0
a3820	0	1	0	0
a3821	0	1	0	0
a3824	0	1	0	0
a3839	0	1	0	0
a3844	0	1	0	0
a3857	0	1	0	0
a3860	0	1	0	0
a3863	0	1	0	0
a3869	0	0	1	0
a3871	0	0	1	0
a3874	0	1	0	0
a3881	0	1	0	0
a3882	0	1	0	0
a3884	0	1	0	0
a3887	0	1	0	0
a3888	0	1	0	0
a3891	0	1	0	0
a3893	0	1	0	0
a3895	0	0	1	0
a3899	0	1	0	0
a3900	0	1	0	0
a3905	0	1	0	0
a3911	0	1	0	0
a3927	0	1	0	0
a3932	1	0	0	0
a3935	0	1	0	0
a3936	0	1	0	0
a3940	0	1	0	0
a3943	0	1	0	0
a3950	0	1	0	0
a3951	0	1	0	0
a3955	0	1	0	0
a3960	0	1	0	0
a3961	0	1	0	0
a3974	0	1	0	0
a3983	0	0	1	0
a3986	0	1	0	0
a3990	0	1	0	0
a3994	0	1	0	0
a3997	0	1	0	0
a4000	0	1	0	0
a4006	0	1	0	0
a4011	0	1	0	0
a4028	0	1	0	0
a4036	0	0	0	1
a4047	0	0	1	0
a4051	0	1	0	0
a4054	0	1	0	0
a4057	0	1	0	0
a4066	0	1	0	0
a4072	0	0	0	1
a4078	0	1	0	0
a4082	0	1	0	0
a4084	0	1	0	0
a4090	0	1	0	0
a4092	0	1	0	0
a4098	1	0	0	0
a4100	0	0	0	1
a4102	0	1	0	0
a4103	0	1	0	0
a4106	1	0	0	0
a4110	0	1	0	0
a4114	0	1	0	0
a4118	0	1	0	0
a4131	0	1	0	0
a4134	0	1	0	0
a4138	0	1	0	0
a4142	0	1	0	0
a4145	0	1	0	0
a4149	0	1	0	0
a4160	0	0	1	0
a4171	0	0	0	1
a4183	0	1	0	0
a4188	0	1	0	0
a4194	0	1	0	0
a4204	0	1	0	0
a4206	0	1	0	0
a4208	0	1	0	0
a4213	0	1	0	0
a4215	0	1	0	0
a4217	0	1	0	0
a4220	0	1	0	0
a4222	0	1	0	0
a4223	0	1	0	0
a4227	0	1	0	0
a4228	0	1	0	0
a4239	0	1	0	0
a4243	0	1	0	0
a4255	0	1	0	0
a4265	0	1	0	0
a4268	0	0	1	0
a4272	0	1	0	0
a4280	0	0	0	1
a4288	0	1	0	0
a4294	0	1	0	0
a4306	0	1	0	0
a4319	0	1	0	0
a4323	0	1	0	0
a4324	0	1	0	0
a4326	0	1	0	0
a4327	0	1	0	0
a4336	0	1	0	0
a4337	0	1	0	0
a4340	0	1	0	0
a4341	0	1	0	0
a4345	0	1	0	0
a4349	0	0	0	1
a4350	0	1	0	0
a4361	0	1	0	0
a4371	0	1	0	0
a4373	0	1	0	0
a4375	0	1	0	0
a4389	0	0	0	1
a4393	0	1	0	0
a4401	0	0	1	0
a4406	0	0	1	0
a4409	0	0	1	0
a4411	0	1	0	0
a4414	0	0	1	0
a4418	0	0	1	0
a4422	0	1	0	0
a4425	0	1	0	0
a4431	0	0	1	0
a4436	0	0	1	0
a4441	0	0	1	0
a4445	0	0	0	1
a4453	0	0	1	0
a4461	0	1	0	0
a4473	0	0	1	0
a4476	0	1	0	0
a4480	0	0	1	0
a4482	0	0	1	0
a4489	0	0	1	0
a4492	0	0	1	0
a4495	0	0	1	0
a4500	0	0	1	0
a4507	0	0	1	0
a4509	0	1	0	0
a4515	0	1	0	0
a4519	0	0	0	1
a4525	0	0	1	0
a4534	0	0	1	0
a4538	0	0	0	1
a4549	0	0	1	0
a4552	0	0	1	0
a4555	0	0	1	0
a4560	0	0	0	1
a4569	0	0	1	0
a4579	0	0	0	1
a4582	0	0	1	0
a4588	0	1	0	0
a4596	0	0	1	0
a4597	0	0	1	0
a4600	0	0	1	0
a4611	0	1	0	0
a4615	0	0	1	0
a4623	0	0	1	0
a4634	0	0	1	0
a4654	0	0	1	0
a4659	0	0	1	0
a4669	0	0	0	1
a4683	0	0	1	0
a4686	0	0	1	0
a4690	0	0	1	0
a4708	0	0	1	0
a4717	0	1	0	0
a4721	0	1	0	0
a4723	0	0	1	0
a4730	0	0	1	0
a4739	0	0	0	1
a4747	0	0	1	0
a4752	0	0	0	1
a4753	0	0	0	1
a4760	0	0	1	0
a4769	0	0	0	1
a4781	0	0	0	1
a4788	0	0	1	0
a4792	0	0	1	0
a4799	0	0	1	0
a4802	0	0	1	0
a4804	0	0	1	0
a4818	0	0	1	0
a4828	0	0	1	0
a4830	0	0	1	0
a4837	0	0	1	0
a4841	0	0	1	0
a4845	0	0	1	0
a4848	0	0	0	1
a4859	0	0	1	0
a4878	0	1	0	0
a4884	0	0	1	0
a4898	0	1	0	0
a4900	0	0	1	0
a4904	0	0	1	0
a4910	0	0	1	0
a4924	0	0	1	0
a4932	0	0	1	0
a4934	0	0	1	0
a4944	0	0	1	0
a4948	0	0	1	0
a4961	0	0	1	0
a4968	0	0	1	0
a4970	0	0	1	0
a4981	0	0	1	0
a4985	0	0	1	0
a4988	0	0	1	0
a4993	0	0	1	0
a5005	0	0	1	0
a5010	0	0	1	0
a5013	0	0	1	0
a5017	0	0	1	0
a5024	0	0	0	1
a5026	0	0	1	0
a5028	0	0	1	0
a5038	0	0	1	0
a5039	0	0	1	0
a5055	0	0	1	0
a5064	0	0	1	0
a5072	0	0	1	0
a5087	0	0	1	0
a5092	0	0	1	0
a5097	0	0	1	0
a5100	0	0	1	0
a5101	0	0	1	0
a5102	0	0	1	0
a5107	0	0	0	1
a5117	0	0	1	0
a5124	0	0	1	0
a5130	0	0	1	0
a5131	0	0	1	0
a5149	0	0	0	1
a5151	0	0	1	0
a5152	0	0	0	1
a5158	0	0	1	0
a5166	0	0	1	0
a5181	0	0	1	0
a5183	0	0	1	0
a5195	0	0	1	0
a5201	0	0	1	0
a5202	0	0	1	0
a5205	0	0	1	0
a5206	0	0	1	0
a5214	0	0	1	0
a5217	0	0	1	0
a5226	0	0	1	0
a5232	0	0	1	0
a5243	0	0	0	1
a5249	0	0	1	0
a5254	0	0	1	0
a5260	0	0	1	0
a5264	0	0	1	0
a5276	0	0	1	0
a5281	0	0	1	0
a5283	0	0	1	0
a5285	0	0	1	0
a5289	0	0	1	0
a5293	0	0	1	0
a5296	0	0	1	0
a5298	0	0	1	0
a5304	0	0	1	0
a5311	0	0	1	0
a5314	0	0	1	0
a5317	0	0	1	0
a5320	0	0	1	0
a5330	0	0	1	0
a5336	0	0	1	0
a5341	0	0	1	0
a5348	0	0	1	0
a5350	0	0	1	0
a5356	0	0	1	0
a5364	0	0	1	0
a5371	1	0	0	0
a5376	0	0	1	0
a5390	0	1	0	0
a5393	0	0	1	0
a5398	0	0	0	1
a5401	0	0	1	0
a5413	0	0	1	0
a5420	0	0	0	1
a5422	0	0	1	0
a5425	0	0	0	1
a5426	0	0	0	1
a5433	0	0	1	0
a5441	0	0	0	1
a5443	0	0	1	0
a5450	0	0	1	0
a5459	0	0	1	0
a5461	0	0	1	0
a5466	0	0	1	0
a5477	0	0	1	0
a5481	0	0	1	0
a5488	0	0	1	0
a5498	0	0	1	0
a5507	0	1	0	0
a5510	0	0	1	0
a5530	1	0	0	0
a5534	0	0	1	0
a5538	0	0	1	0
a5542	0	0	1	0
a5544	0	0	1	0
a5548	0	0	1	0
a5551	0	0	1	0
a5564	0	0	1	0
a5568	0	0	1	0
a5585	0	0	0	1
a5588	0	0	1	0
a5594	0	0	1	0
a5600	0	0	1	0
a5611	0	0	1	0
a5617	0	0	1	0
a5622	0	0	1	0
a5623	0	0	1	0
a5626	0	0	1	0
a5628	0	0	1	0
a5639	0	0	1	0
a5642	0	0	1	0
a5653	0	0	1	0
a5662	0	0	1	0
a5671	0	0	1	0
a5674	0	0	1	0
a5682	0	0	0	1
a5689	0	0	1	0
a5696	0	0	1	0
a5698	0	0	1	0
a5703	0	0	1	0
a5705	0	0	1	0
a5715	0	0	1	0
a5720	0	0	1	0
a5723	0	0	1	0
a5732	0	0	1	0
a5739	0	0	1	0
a5748	0	0	1	0
a5749	0	0	1	0
a5755	0	0	1	0
a5767	0	1	0	0
a5773	1	0	0	0
a5777	0	0	1	0
a5783	0	0	1	0
a5788	0	0	1	0
a5802	0	0	1	0
a5805	0	1	0	0
a5807	0	1	0	0
a5808	0	1	0	0
a5816	0	1	0	0
a5835	0	1	0	0
a5837	0	1	0	0
a5849	0	1	0	0
a5851	0	1	0	0
a5862	0	1	0	0
a5865	0	1	0	0
a5866	0	1	0	0
a5868	0	1	0	0
a5872	0	1	0	0
a5878	0	1	0	0
a5880	0	1	0	0
a5883	0	1	0	0
a5889	0	1	0	0
a5892	0	1	0	0
a5893	0	1	0	0
a5895	0	1	0	0
a5896	0	1	0	0
a5899	0	1	0	0
a5910	1	0	0	0
a5917	0	1	0	0
a5922	0	1	0	0
a5927	0	1	0	0
a5930	0	1	0	0
a5935	0	1	0	0
a5939	0	1	0	0
a5947	0	1	0	0
a5948	0	1	0	0
a5953	0	1	0	0
a5954	0	1	0	0
a5957	0	1	0	0
a5968	0	1	0	0
a5976	1	0	0	0
a5980	1	0	0	0
a5984	0	1	0	0
a5985	0	1	0	0
a5987	0	1	0	0
a5990	0	1	0	0
a5993	0	1	0	0
a6008	0	0	1	0
a6010	0	1	0	0
a6011	0	1	0	0
a6016	0	1	0	0
a6018	0	1	0	0
a6021	0	1	0	0
a6025	0	1	0	0
a6027	0	1	0	0
a6034	0	1	0	0
a6043	0	1	0	0
a6046	0	1	0	0
a6053	0	1	0	0
a6058	1	0	0	0
a6062	0	0	1	0
a6065	0	1	0	0
a6075	0	1	0	0
a6080	0	1	0	0
a6084	0	0	1	0
a6085	0	1	0	0
a6087	0	1	0	0
a6088	0	1	0	0
a6091	0	1	0	0
a6092	0	0	1	0
a6094	0	1	0	0
a6098	0	1	0	0
a6101	0	1	0	0
a6111	0	1	0	0
a6118	0	1	0	0
a6132	0	0	0	1
a6140	0	1	0	0
a6146	0	1	0	0
a6154	0	1	0	0
a6158	0	1	0	0
a6174	0	1	0	0
a6177	0	1	0	0
a6185	0	0	0	1
a6190	0	1	0	0
a6192	0	1	0	0
a6194	0	1	0	0
a6198	0	1	0	0
a6202	0	1	0	0
a6206	0	0	0	1
a6215	0	1	0	0
a6217	0	0	0	1
a6224	0	1	0	0
a6228	0	1	0	0
a6231	0	1	0	0
a6238	0	1	0	0
a6240	0	1	0	0
a6251	0	0	0	1
a6255	0	1	0	0
a6268	0	1	0	0
a6269	0	1	0	0
a6272	0	1	0	0
a6277	0	1	0	0
a6282	0	1	0	0
a6294	0	0	0	1
a6296	0	1	0	0
a6298	0	1	0	0
a6299	0	1	0	0
a6304	0	1	0	0
a6313	0	1	0	0
a6318	0	1	0	0
a6323	0	1	0	0
a6333	0	0	0	1
a6336	0	0	0	1
a6340	0	1	0	0
a6347	1	0	0	0
a6349	0	1	0	0
a6353	0	0	0	1
a6357	0	1	0	0
a6363	0	1	0	0
a6366	0	1	0	0
a6367	0	1	0	0
a6370	0	1	0	0
a6375	0	1	0	0
a6382	0	1	0	0
a6383	0	1	0	0
a6389	0	0	0	1
a6395	0	1	0	0
a6397	0	1	0	0
a6398	0	1	0	0
a6400	0	1	0	0
a6405	0	1	0	0
a6406	0	1	0	0
a6408	0	1	0	0
a6411	0	0	1	0
a6417	0	1	0	0
a6419	0	1	0	0
a6422	0	1	0	0
a6426	0	1	0	0
a6429	0	1	0	0
a6436	0	1	0	0
a6439	0	1	0	0
a6445	0	1	0	0
a6446	0	1	0	0
a6449	0	1	0	0
a6455	0	1	0	0
a6468	0	1	0	0
a6470	0	1	0	0
a6471	0	1	0	0
a6473	0	1	0	0
a6478	0	1	0	0
a6491	0	1	0	0
a6504	1	0	0	0
a6508	0	1	0	0
a6518	0	1	0	0
a6525	0	0	1	0
a6529	0	1	0	0
a6536	0	1	0	0
a6554	0	0	1	0
a6558	0	1	0	0
a6567	0	1	0	0
a6574	0	1	0	0
a6576	0	1	0	0
a6586	0	1	0	0
a6587	0	1	0	0
a6598	0	1	0	0
a6600	0	1	0	0
a6609	0	0	0	1
a6617	0	1	0	0
a6627	0	1	0	0
a6628	0	1	0	0
a6633	1	0	0	0
a6637	0	1	0	0
a6641	0	0	1	0
a6647	0	0	1	0
a6674	0	1	0	0
a6685	0	0	1	0
a6710	0	1	0	0
a6720	0	1	0	0
a6725	0	0	0	1
a6735	1	0	0	0
a6742	1	0	0	0
a6750	0	0	1	0
a6760	0	1	0	0
a6767	1	0	0	0
a6770	0	1	0	0
a6773	0	1	0	0
a6779	0	1	0	0
a6786	0	1	0	0
a6798	0	1	0	0
a6804	0	1	0	0
a6807	0	1	0	0
a6834	0	1	0	0
a6835	0	1	0	0
a6837	0	1	0	0
a6845	0	0	0	1
a6850	0	1	0	0
a6871	0	1	0	0
a6876	0	1	0	0
a6880	0	1	0	0
a6892	1	0	0	0
a6894	0	1	0	0
a6914	0	1	0	0
a6922	0	0	0	1
a6953	0	1	0	0
a6960	0	0	1	0
a6970	0	1	0	0
a6989	0	1	0	0
a6990	0	1	0	0
a7008	0	1	0	0
a7039	0	1	0	0
a7050	0	1	0	0
a7061	0	1	0	0
a7071	0	1	0	0
a7074	0	0	1	0
a7098	1	0	0	0
a7099	1	0	0	0
a7106	1	0	0	0
a7111	1	0	0	0
a7115	1	0	0	0
a7118	1	0	0	0
a7150	1	0	0	0
a7167	1	0	0	0
a7177	1	0	0	0
a7179	1	0	0	0
a7184	1	0	0	0
a7202	1	0	0	0
a7213	1	0	0	0
a7214	1	0	0	0
a7225	1	0	0	0
a7227	1	0	0	0
a7264	0	1	0	0
a7297	0	0	1	0
a7300	0	0	1	0
a7301	1	0	0	0
a7304	0	0	0	1
a7310	0	1	0	0
a7317	0	1	0	0
a7340	0	1	0	0
a7371	0	1	0	0
a7421	0	1	0	0
a7423	0	1	0	0
a7425	0	0	0	1
a7431	0	0	0	1
a7432	0	0	0	1
a7437	0	0	0	1
a7439	0	0	0	1
a7443	0	0	0	1
a7450	0	0	0	1
a7451	0	0	0	1
a7452	0	0	0	1
a7454	0	0	0	1
a7458	0	0	0	1
a7465	0	0	0	1
a7468	0	0	0	1
a7477	0	0	0	1
a7479	0	0	0	1
a7494	0	0	0	1
a7499	0	0	0	1
a7504	0	1	0	0
a7508	0	0	0	1
a7510	0	0	0	1
a7513	0	0	0	1
a7529	0	0	0	1
a7539	0	0	0	1
a7540	0	0	0	1
a7541	0	0	0	1
a7543	0	0	0	1
a7547	0	0	0	1
a7549	0	0	0	1
a7555	0	0	0	1
a7560	0	0	0	1
a7563	0	0	0	1
a7564	0	0	0	1
a7566	0	0	0	1
a7569	0	0	0	1
a7575	0	0	0	1
a7578	0	0	0	1
a7583	0	0	0	1
a7584	0	0	0	1
a7598	0	0	0	1
a7601	0	0	0	1
a7602	0	0	0	1
a7613	0	0	0	1
a7614	0	0	0	1
a7621	0	0	0	1
a7622	0	0	0	1
a7637	0	0	0	1
a7644	0	0	0	1
a7651	0	0	0	1
a7652	0	0	0	1
a7653	0	0	0	1
a7655	0	0	0	1
a7659	0	0	0	1
a7661	0	0	0	1
a7667	0	0	0	1
a7668	0	0	0	1
a7669	0	0	0	1
a7670	0	0	0	1
a7672	0	0	0	1
a7674	0	0	1	0
a7680	0	0	0	1
a7684	0	0	0	1
a7690	0	0	0	1
a7696	0	0	0	1
a7699	0	0	0	1
a7705	0	0	0	1
a7708	0	0	0	1
a7712	0	0	0	1
a7719	0	0	0	1
a7721	0	0	0	1
a7725	0	0	0	1
a7727	0	0	0	1
a7730	0	0	0	1
a7734	0	0	1	0
a7738	0	0	0	1
a7745	0	0	0	1
a7747	0	0	0	1
a7751	0	0	0	1
a7755	0	0	0	1
a7758	0	0	0	1
a7760	0	0	0	1
a7762	0	0	0	1
a7768	0	0	0	1
a7771	0	0	0	1
a7772	0	0	0	1
a7776	0	0	0	1
a7778	0	0	0	1
a7780	0	0	0	1
a7781	0	0	0	1
a7787	0	0	0	1
a7788	0	0	0	1
a7789	0	0	0	1
a7797	0	0	0	1
a7812	0	0	0	1
a7815	0	0	0	1
a7817	0	0	0	1
a7821	0	0	0	1
a7823	0	0	0	1
a7825	0	0	0	1
a7826	0	0	0	1
a7828	0	0	0	1
a7830	0	0	0	1
a7834	0	0	0	1
a7836	0	0	0	1
a7841	0	0	0	1
a7850	0	0	0	1
a7855	0	0	0	1
a7863	0	0	0	1
a7866	0	0	0	1
a7867	0	0	0	1
a7871	0	0	0	1
a7873	0	0	0	1
a7879	0	0	0	1
a7880	0	0	0	1
a7884	0	0	0	1
a7886	0	0	0	1
a7897	0	0	0	1
a7902	0	0	0	1
a7912	0	0	0	1
a7915	0	0	0	1
a7921	0	0	0	1
a7927	0	0	0	1
a7929	0	0	0	1
a7930	0	0	0	1
a7932	0	0	0	1
a7940	0	0	0	1
a7944	0	0	0	1
a7948	0	0	0	1
a7950	0	0	0	1
a7953	0	0	0	1
a7957	0	0	0	1
a7960	0	0	0	1
a7966	0	0	0	1
a7969	0	0	0	1
a7980	0	0	0	1
a7984	0	0	0	1
a7985	0	0	0	1
a7988	0	0	0	1
a7991	0	0	0	1
a8007	0	0	0	1
a8010	0	0	0	1
a8021	0	0	0	1
a8032	0	0	0	1
a8033	0	0	0	1
a8036	0	0	0	1
a8037	0	0	0	1
a8039	0	0	0	1
a8043	0	0	0	1
a8045	0	0	0	1
a8055	0	0	0	1
a8062	0	0	0	1
a8064	0	0	0	1
a8067	0	0	0	1
a8079	0	0	0	1
a8081	0	0	0	1
a8083	0	0	0	1
a8089	1	0	0	0
a8090	0	0	0	1
a8098	0	0	0	1
a8101	0	0	0	1
a8103	0	0	0	1
a8115	0	0	0	1
a8117	0	0	0	1
a8126	0	0	0	1
a8129	0	0	0	1
a8132	0	0	0	1
a8136	0	0	0	1
a8137	0	0	0	1
a8139	0	0	0	1
a8147	0	0	0	1
a8148	0	0	1	0
a8150	0	0	0	1
a8154	0	0	0	1
a8158	0	0	0	1
a8162	0	0	0	1
a8165	0	0	0	1
a8169	0	0	0	1
a8179	0	0	0	1
a8190	0	0	0	1
a8192	0	0	0	1
a8194	0	0	0	1
a8198	0	0	0	1
a8205	0	0	0	1
a8208	0	0	0	1
a8212	0	0	0	1
a8214	0	0	0	1
a8215	0	0	0	1
a8217	0	0	0	1
a8228	0	0	0	1
a8233	0	0	0	1
a8235	0	0	0	1
a8239	0	0	0	1
a8242	0	0	0	1
a8247	0	0	0	1
a8255	0	0	0	1
a8258	0	0	0	1
a8266	0	0	0	1
a8273	0	0	0	1
a8283	0	0	0	1
a8286	0	0	0	1
a8294	0	0	0	1
a8298	0	0	0	1
a8300	0	0	0	1
a8317	1	0	0	0
a8340	1	0	0	0
a8344	1	0	0	0
a8345	1	0	0	0
a8362	1	0	0	0
a8370	1	0	0	0
a8373	1	0	0	0
a8391	1	0	0	0
a8392	1	0	0	0
a8397	1	0	0	0
a8407	1	0	0	0
a8413	1	0	0	0
a8419	1	0	0	0
a8423	1	0	0	0
a8430	1	0	0	0
a8431	1	0	0	0
a8434	1	0	0	0
a8436	1	0	0	0
a8441	0	1	0	0
a8444	1	0	0	0
a8449	1	0	0	0
a8466	1	0	0	0
a8469	1	0	0	0
a8477	0	1	0	0
a8483	1	0	0	0
a8492	1	0	0	0
a8493	1	0	0	0
a8496	1	0	0	0
a8505	1	0	0	0
a8520	1	0	0	0
a8528	1	0	0	0
a8546	1	0	0	0
a8553	1	0	0	0
a8559	1	0	0	0
a8562	1	0	0	0
a8566	1	0	0	0
a8571	1	0	0	0
a8572	1	0	0	0
a8573	0	0	0	1
a8578	1	0	0	0
a8587	1	0	0	0
a8589	1	0	0	0
a8595	1	0	0	0
a8610	1	0	0	0
a8624	1	0	0	0
a8629	1	0	0	0
a8635	1	0	0	0
a8654	1	0	0	0
a8657	1	0	0	0
a8664	1	0	0	0
a8673	1	0	0	0
a8675	1	0	0	0
a8677	1	0	0	0
a8680	1	0	0	0
a8682	1	0	0	0
a8686	1	0	0	0
a8710	1	0	0	0
a8713	1	0	0	0
a8716	1	0	0	0
a8726	1	0	0	0
a8728	0	1	0	0
a8730	1	0	0	0
a8732	1	0	0	0
a8750	1	0	0	0
a8764	1	0	0	0
a8768	1	0	0	0
a8769	1	0	0	0
a8780	1	0	0	0
a8788	1	0	0	0
a8799	1	0	0	0
a8807	1	0	0	0
a8815	1	0	0	0
a8818	1	0	0	0
a8825	1	0	0	0
a8827	1	0	0	0
a8828	1	0	0	0
a8839	1	0	0	0
a8851	1	0	0	0
a8852	1	0	0	0
a8868	1	0	0	0
a8885	1	0	0	0
a8887	1	0	0	0
a8917	1	0	0	0
a8925	1	0	0	0
a8941	1	0	0	0
a8946	1	0	0	0
a8952	1	0	0	0
a8962	0	1	0	0
a8969	1	0	0	0
a8981	1	0	0	0
a8987	1	0	0	0
a9012	1	0	0	0
a9015	1	0	0	0
a9033	1	0	0	0
a9050	1	0	0	0
a9055	1	0	0	0
a9062	1	0	0	0
a9068	1	0	0	0
a9100	1	0	0	0
a9106	1	0	0	0
a9117	1	0	0	0
a9132	1	0	0	0
a9141	1	0	0	0
a9143	1	0	0	0
a9144	1	0	0	0
a9165	1	0	0	0
a9169	1	0	0	0
a9178	1	0	0	0
a9181	1	0	0	0
a9188	0	1	0	0
a9189	0	0	0	1
a9203	1	0	0	0
a9207	1	0	0	0
a9214	1	0	0	0
a9217	1	0	0	0
a9244	0	1	0	0
a9249	1	0	0	0
a9250	1	0	0	0
a9271	1	0	0	0
a9286	1	0	0	0
a9290	1	0	0	0
a9301	1	0	0	0
a9314	1	0	0	0
a9326	1	0	0	0
a9328	1	0	0	0
a9345	0	1	0	0
a9351	0	1	0	0
a9376	1	0	0	0
a9389	1	0	0	0
a9396	1	0	0	0
a9410	1	0	0	0
a9430	1	0	0	0
a9440	1	0	0	0
a9445	1	0	0	0
a9448	1	0	0	0
a9464	1	0	0	0
a9471	1	0	0	0
a9487	1	0	0	0
a9493	1	0	0	0
a9497	1	0	0	0
a9521	0	1	0	0
a9531	1	0	0	0
a9545	1	0	0	0
a9549	1	0	0	0
a9560	1	0	0	0
a9568	1	0	0	0
a9573	1	0	0	0
a9583	1	0	0	0
a9588	1	0	0	0
a9600	1	0	0	0
a9605	1	0	0	0
a9615	1	0	0	0
a9628	0	1	0	0
a9632	1	0	0	0
a9647	1	0	0	0
a9648	1	0	0	0
a9652	1	0	0	0
a9654	1	0	0	0
a9668	1	0	0	0
a9680	1	0	0	0
a9682	1	0	0	0
a9687	1	0	0	0
a9689	1	0	0	0
a9696	0	1	0	0
a9702	1	0	0	0
a9711	1	0	0	0
a9714	1	0	0	0
a9749	1	0	0	0
a9758	1	0	0	0
a9767	1	0	0	0
a9771	1	0	0	0
a9775	0	1	0	0
a9781	1	0	0	0
a9784	0	1	0	0
a9787	1	0	0	0
a9789	1	0	0	0
a9790	1	0	0	0
a9793	1	0	0	0
a9824	1	0	0	0
a9839	1	0	0	0
a9842	1	0	0	0
a9857	0	1	0	0
a9886	0	0	1	0
a9895	0	0	0	1
a9917	0	0	0	1
a9932	0	0	1	0
a9937	1	0	0	0
a9976	1	0	0	0
a10001	0	0	0	1
a10011	0	0	0	1
a10017	0	0	1	0
a10037	0	0	1	0
a10043	0	0	0	1
a10049	1	0	0	0
a10054	0	0	0	1
a10090	0	0	0	1
a10104	0	0	1	0
a10124	0	0	1	0
a10153	0	0	0	1